Montage 25 0.4 53.76071 0.10136 7 54.91277 0.26499 77 53.76071 0.02559 7 53.76109 0.05967 25 54.51515 0.29059 269 54.15832 0.66068 122 
Montage 25 0.7 39.38593 0.94053 77 37.24860 0.45826 132 40.63481 0.36775 107 37.62414 0.37657 179 38.77061 0.59847 573 36.86123 0.07788 14 
Montage 25 1.0 37.05859 1.07657 90 36.85459 0.76816 199 37.14053 0.82609 246 37.29138 0.43017 202 37.45469 2.09822 2034 36.78886 0.11035 18 
Montage 50 0.4 76.95525 1.34439 63 110.01006 1.35180 277 76.87189 0.80921 155 74.13624 0.83426 117 76.39500 1.51092 789 74.26824 0.43199 23 
Montage 50 0.7 73.58595 2.76275 132 69.71770 5.03123 909 75.77536 1.79722 354 70.67169 1.67727 238 71.07936 3.07357 1602 70.71774 1.48952 75 
Montage 50 1.0 73.50772 5.31455 255 69.63012 2.26642 345 72.90274 3.82993 759 72.30760 2.38456 340 74.02286 4.69116 2466 69.39775 0.47284 21 
Montage 100 0.4 178.08945 0.02069 0 178.08945 0.06451 5 180.43707 1.68128 198 178.08289 1.11888 41 178.09282 2.41977 618 178.08945 0.00170 0 
Montage 100 0.7 142.10172 0.46360 12 175.66187 9.69670 1039 143.14212 4.67553 574 142.85515 4.37390 174 143.45748 7.87832 2024 142.02552 6.92543 84 
Montage 100 1.0 136.95012 6.52147 180 135.52979 0.32827 25 138.53878 7.57510 932 136.80889 7.35596 315 145.93727 12.27501 3124 136.01591 22.56328 256 
CyberShake 30 0.4 497.77939 0.14632 10 497.77939 0.00147 0 497.77280 0.14574 36 497.77939 0.03647 11 538.20819 0.26328 213 497.77939 0.00213 0 
CyberShake 30 0.7 201.87285 1.10813 77 200.82999 0.00993 2 201.87285 1.39865 366 200.82999 0.19203 65 201.12372 0.93178 749 200.82999 0.02043 2 
CyberShake 30 1.0 200.83479 0.43121 30 200.82999 0.00082 0 217.62823 0.98707 254 200.83479 0.02333 7 200.82999 0.66979 546 200.82999 0.00293 0 
CyberShake 50 0.4 560.90057 0.01102 0 560.90057 0.00078 0 560.90057 0.04949 8 560.90057 0.01179 0 560.90057 0.04641 20 560.90057 0.00076 0 
CyberShake 50 0.7 254.67395 4.49776 206 237.19584 0.00086 0 254.31887 1.70934 308 258.83458 1.72317 228 243.01494 2.39670 1212 237.20507 0.01771 0 
CyberShake 50 1.0 228.19737 4.83841 225 225.18273 2.23284 302 257.20929 1.77144 329 230.69298 2.41390 335 261.35335 2.47398 1223 223.38596 1.20568 50 
CyberShake 100 0.4 458.48393 3.10655 72 440.10661 0.01386 0 458.48393 1.65287 170 446.29648 2.39497 78 447.03389 3.67405 854 440.10661 0.03505 0 
CyberShake 100 0.7 345.14373 7.71406 185 314.80026 5.27055 406 334.82125 7.20199 774 320.08831 9.85357 344 336.80200 7.30487 1691 312.88679 5.73929 56 
CyberShake 100 1.0 312.47423 6.93757 180 305.15789 5.69269 397 362.43648 4.58784 476 313.77680 8.21790 295 323.61301 17.44846 4246 303.33143 2.07847 19 
Epigenomics 24 0.4 5753.21522 0.01073 1 5764.49611 0.23182 76 5753.21522 0.05702 17 5753.21522 0.03003 14 5753.21522 0.04782 44 5753.21522 0.30299 53 
Epigenomics 24 0.7 3316.42105 0.91086 78 3069.49138 0.50715 149 3052.24123 0.28291 85 3062.43578 0.67003 339 3142.05146 0.43388 418 3057.40351 0.16662 30 
Epigenomics 24 1.0 3148.52397 1.29615 107 3052.24123 0.03148 8 3129.77471 0.68778 201 3494.04164 0.53095 265 3082.26722 1.21268 1173 3052.24123 0.08310 15 
Epigenomics 47 0.4 6435.69125 1.99697 96 6378.32462 0.01403 2 6381.74760 0.75055 139 6691.92716 0.47746 69 6385.85218 0.97474 489 6378.32462 0.07476 4 
Epigenomics 47 0.7 6094.42563 1.65534 81 5725.64627 0.90604 165 5757.00088 1.12649 206 5714.16256 0.87087 127 5739.51685 3.57079 1812 5716.58427 1.67611 98 
Epigenomics 47 1.0 5701.24539 2.94081 147 5678.89715 1.61682 260 5731.26854 1.58254 296 5731.26854 4.08644 608 5733.52921 4.34908 2197 5674.01924 0.60614 32 
Epigenomics 100 0.4 65263.81039 3.37580 81 60778.85497 1.50992 146 60778.85497 2.28269 221 60778.85497 2.32878 75 60779.18392 3.72149 856 60777.97513 1.15362 13 
Epigenomics 100 0.7 50646.97523 6.31562 148 46647.73650 3.05004 236 48474.22320 2.77326 263 49616.60656 6.45791 213 48923.97827 12.22165 2728 46693.52604 3.81580 41 
Epigenomics 100 1.0 46933.47792 7.52614 180 46864.73246 6.90871 486 47251.69477 12.31132 1186 48186.08915 11.76717 392 47261.61643 10.71911 2474 46399.08900 16.80099 184 
Ligo 30 0.4 1440.01741 0.65795 46 1196.73602 0.00398 0 1196.73602 0.03406 9 1196.73602 0.03526 12 1213.68120 0.38704 319 1196.73602 0.00494 0 
Ligo 30 0.7 913.92105 0.87098 65 888.53094 0.10991 28 888.67160 0.77070 207 955.46288 0.46366 165 959.58958 1.24762 1076 888.55242 0.16534 22 
Ligo 30 1.0 868.00932 1.94636 142 865.91402 1.23436 292 903.11127 0.96652 265 867.59702 0.96085 352 919.43476 1.55403 1325 862.30371 0.98069 121 
Ligo 50 0.4 2025.01660 1.38979 65 1952.56515 0.82758 172 2017.25344 0.88718 179 1992.81155 0.69930 103 1951.75548 1.42401 766 1921.93411 1.39451 79 
Ligo 50 0.7 1549.67531 1.76391 86 1333.45433 0.75114 138 1497.16706 1.32736 272 1401.26348 1.93189 283 1485.20884 2.37984 1277 1336.79168 3.16720 173 
Ligo 50 1.0 1351.28205 2.70649 128 1314.41814 4.30100 672 1389.70528 3.21101 665 1437.82456 1.31861 202 1478.35548 5.66328 2982 1308.78460 0.71483 34 
Ligo 100 0.4 3911.95256 3.17200 80 3780.67417 0.01421 0 3780.68064 1.13649 135 3780.67417 1.36784 53 3780.67417 0.54882 133 3780.67417 0.00880 0 
Ligo 100 0.7 2452.27632 4.93081 126 2323.43209 2.63420 284 2461.96417 4.90382 584 2396.81338 5.47752 228 2459.19601 9.24500 2395 2330.69900 11.89818 162 
Ligo 100 1.0 2334.84211 6.84364 180 2311.19703 2.63226 255 2385.31665 10.01024 1262 2375.56301 11.00221 457 2455.24448 12.91917 3325 2310.76316 4.23570 53 
