Montage 25 0.4 54.91567 0.00064 55.10460 0.00110 55.10557 0.00073 53.76071 0.58417 30 54.91277 0.57198 81 53.76071 0.57432 76 53.76071 0.57434 130 54.51515 0.57157 463 54.91277 0.57825 43 
Montage 25 0.7 58.60385 0.00183 37.28476 0.00451 40.30381 0.00316 37.63516 0.89399 50 36.86123 0.87166 138 41.32070 0.87121 115 37.07175 0.86979 203 37.69623 0.86867 735 36.86123 0.86822 78 
Montage 25 1.0 37.05859 0.00209 41.43715 0.00635 41.56423 0.00382 37.05859 1.22349 72 36.78880 1.22183 166 39.33029 1.22332 166 37.29138 1.21939 334 40.42527 1.22332 972 36.78880 1.22341 106 
Montage 50 0.4 117.71437 0.00341 80.01637 0.00697 86.22821 0.00469 76.90094 1.45574 52 109.49690 1.43246 176 81.78986 1.43044 146 74.58137 1.43914 137 78.04737 1.43160 646 73.88292 1.43153 42 
Montage 50 0.7 77.49976 0.00366 73.68608 0.00874 80.98769 0.00569 73.21335 2.38339 90 69.77025 2.37171 261 73.70581 2.37046 249 72.63281 2.37044 227 75.82445 2.37066 1070 70.18253 2.39729 69 
Montage 50 1.0 74.60753 0.00408 74.70990 0.01174 76.89995 0.00664 73.61864 3.21650 120 69.62990 3.19996 309 70.77882 3.19810 344 70.65333 3.20117 306 77.47221 3.19625 1463 69.34064 3.21233 86 
Montage 100 0.4 178.08945 0.00716 183.45439 0.01309 178.08945 0.00920 178.08401 2.06177 45 178.08289 2.04241 154 178.08289 2.03952 159 178.09059 2.05646 57 180.39863 2.03719 472 178.08289 2.07090 16 
Montage 100 0.7 177.15866 0.00744 151.26135 0.01761 154.25451 0.00495 142.62457 5.76576 132 176.68081 5.77583 416 144.70410 5.76632 426 141.97014 5.78980 173 145.32983 5.76588 1339 142.81397 5.86444 48 
Montage 100 1.0 136.95012 0.00830 143.98085 0.01810 150.93476 0.00356 136.90811 9.09515 211 135.91209 9.07873 563 137.75331 9.07851 679 136.84909 9.09244 282 147.24350 9.07015 2106 136.17286 9.12425 70 
CyberShake 30 0.4 541.31791 0.00186 498.02276 0.00506 500.14029 0.00326 497.77939 0.62508 33 497.77276 0.61855 81 497.77276 0.61502 76 497.77276 0.61719 111 497.77276 0.61448 433 497.77276 0.62328 32 
CyberShake 30 0.7 276.83764 0.00198 224.37105 0.00700 208.18864 0.00406 206.24566 1.10560 57 200.82999 1.10424 162 205.42390 1.10774 131 200.82999 1.10701 240 203.76275 1.10466 797 200.82999 1.10589 75 
CyberShake 30 1.0 205.42982 0.00223 203.76275 0.00839 200.82999 0.00481 203.76275 1.60789 80 200.82999 1.60662 215 200.82999 1.60332 191 200.82999 1.60344 350 201.98880 1.60377 1165 200.82999 1.61556 99 
CyberShake 50 0.4 560.90057 0.00327 560.90057 0.01302 560.90057 0.00714 560.90057 0.96853 32 560.90057 0.97125 105 560.90057 0.97198 94 560.90057 0.97341 77 560.90057 0.96709 410 560.90057 0.99078 21 
CyberShake 50 0.7 321.95386 0.00341 278.03166 0.01223 252.61872 0.00603 260.65349 2.53906 88 237.19584 2.52425 269 258.83458 2.52148 248 252.16743 2.51791 229 237.20068 2.51891 1123 237.19584 2.53688 68 
CyberShake 50 1.0 230.01826 0.00382 233.38596 0.01544 234.87723 0.00882 230.01826 3.31724 122 223.41667 3.29492 303 241.88576 3.30256 334 241.15680 3.29943 295 290.42977 3.29585 1439 223.23537 3.31260 89 
CyberShake 100 0.4 458.48393 0.00675 458.48393 0.02771 491.59790 0.01251 458.48393 2.04058 39 440.10661 2.01309 144 440.10661 2.02304 130 440.10661 2.04554 53 450.21731 2.01286 401 440.10661 2.09844 14 
CyberShake 100 0.7 346.43147 0.00754 360.21825 0.02432 395.27863 0.00724 346.33983 6.87428 138 319.34603 6.86571 387 338.81756 6.87558 467 320.72446 6.89812 183 351.78222 6.86351 1469 313.25015 6.93678 48 
CyberShake 100 1.0 312.47423 0.00822 324.85002 0.01965 341.06038 0.00585 312.47423 9.77402 209 305.34001 9.76886 528 345.82303 9.77853 674 318.05273 9.77620 267 328.22941 9.76734 2140 303.36058 9.81421 66 
Epigenomics 24 0.4 6292.13856 0.00131 6295.21313 0.00378 6280.85767 0.00236 5753.21522 0.53458 34 5764.49611 0.53478 76 5753.21522 0.53560 60 5753.21522 0.53307 160 5753.21522 0.53217 451 5756.28978 0.53853 45 
Epigenomics 24 0.7 3341.23234 0.00135 3344.80690 0.00475 3341.23234 0.00297 3316.42105 0.90154 52 3066.82860 0.89086 144 3316.42105 0.89003 111 3316.42105 0.88921 270 3052.24123 0.88906 753 3060.70190 0.89438 82 
Epigenomics 24 1.0 3336.13956 0.00147 3336.13956 0.00541 3336.13956 0.00319 3079.24220 1.13016 63 3052.24123 1.12200 170 3318.22423 1.12065 149 3052.24123 1.12234 329 3316.42105 1.13082 864 3052.24123 1.12526 102 
Epigenomics 47 0.4 6780.74217 0.00222 6783.23339 0.00792 6780.74217 0.00475 6453.23380 1.43288 53 6378.32462 1.42061 170 6378.32462 1.42527 143 6378.32462 1.42063 140 6411.82125 1.41779 635 6378.32462 1.42402 47 
Epigenomics 47 0.7 6094.42563 0.00236 6094.42563 0.00948 6088.84138 0.00588 6094.42563 1.97695 74 5709.26343 1.95612 219 6100.87345 1.95659 203 6033.01549 1.95624 188 5709.59473 1.95648 889 5715.14501 1.97457 64 
Epigenomics 47 1.0 5715.54997 0.00248 5704.18827 0.01152 5714.79513 0.00671 5697.60895 2.70760 104 5674.01924 2.71100 268 5681.72049 2.70878 254 5820.02317 2.71021 249 5734.82512 2.70309 1171 5674.01924 2.70643 82 
Epigenomics 100 0.4 75693.77229 0.00468 75693.77229 0.02170 75693.77229 0.01243 65284.87304 3.04643 58 60777.58672 3.01266 214 60778.85497 3.01371 188 60778.85497 3.03098 78 60778.85497 3.00595 605 60777.73584 3.06395 24 
Epigenomics 100 0.7 52152.67586 0.00507 51221.87222 0.02219 52149.00719 0.00347 52152.67586 7.44636 145 47066.01336 7.41510 430 48473.91716 7.40398 470 50059.78380 7.42403 190 48649.57784 7.40352 1461 46711.30072 7.50480 56 
Epigenomics 100 1.0 46933.47792 0.00554 46933.47792 0.02052 46933.47792 0.00391 46933.47792 13.48001 275 46966.65265 13.46759 718 47479.08716 13.45496 870 48186.38462 13.46338 352 50402.64346 13.45594 2769 46407.44401 13.47708 99 
Ligo 30 0.4 1457.13108 0.00178 1456.96726 0.00541 1457.13108 0.00329 1440.01741 0.62164 35 1196.73602 0.60948 82 1196.73602 0.61254 78 1196.73602 0.60717 133 1196.73602 0.60826 452 1196.73602 0.61386 43 
Ligo 30 0.7 913.92105 0.00203 970.37034 0.00633 970.37034 0.00373 913.92105 0.86631 42 891.30671 0.86146 130 945.15740 0.85627 111 919.66993 0.85989 187 954.34230 0.85691 534 888.53094 0.86445 56 
Ligo 30 1.0 919.73028 0.00211 897.28246 0.00732 897.28246 0.00423 892.48905 1.62267 87 865.91402 1.61270 225 871.73625 1.60962 196 906.06022 1.60896 356 949.83704 1.60725 1188 862.28118 1.61456 108 
Ligo 50 0.4 2266.47813 0.00313 2265.68558 0.00933 2266.74206 0.00560 2028.47712 1.35786 49 1951.64016 1.35339 157 1951.75345 1.35267 146 1951.69280 1.34732 132 1921.99679 1.34787 626 1921.99674 1.35960 44 
Ligo 50 0.7 1549.67531 0.00332 1549.48035 0.01038 1549.48035 0.00610 1549.67531 2.04508 77 1348.56459 2.04716 229 1508.02071 2.04439 222 1380.17382 2.04610 192 1526.16089 2.04495 974 1341.22043 2.04674 62 
Ligo 50 1.0 1351.28205 0.00355 1328.72723 0.01242 1333.23539 0.00716 1351.28205 3.02638 117 1314.83333 3.02394 327 1494.40795 3.02844 322 1385.09793 3.02837 302 1490.00330 3.02395 1459 1309.43177 3.04989 89 
Ligo 100 0.4 4242.85031 0.00584 4132.80375 0.01854 4236.88441 0.01236 3835.75969 3.02411 62 3780.67417 2.97750 236 3780.67417 2.96878 224 3780.67417 2.97560 84 3780.67417 2.95932 653 3780.67417 3.00319 25 
Ligo 100 0.7 2452.27632 0.00628 2495.62719 0.02169 2556.32758 0.00398 2452.27632 5.66883 121 2319.80480 5.64085 427 2437.34849 5.64353 432 2371.50310 5.63401 168 2480.21981 5.63544 1315 2360.90920 5.68112 49 
Ligo 100 1.0 2334.84211 0.00674 2357.71930 0.01906 2468.27149 0.00385 2334.84211 7.78139 161 2320.08333 7.74712 524 2442.54488 7.74935 585 2478.27048 7.75695 232 2480.54299 7.75105 1794 2312.77193 7.82714 65 
