Montage 25 0.4 53.76071 0.87253 28 54.91277 0.40699 39 54.15832 0.40288 40 53.76071 0.38277 80 55.86731 0.21416 169 54.15832 0.45780 62 
Montage 25 0.7 37.66553 0.74558 44 36.86123 0.53782 71 39.43622 0.69998 94 37.12032 0.49354 133 39.75656 0.59617 372 36.86123 0.58110 89 
Montage 25 1.0 37.05859 0.80976 45 36.78880 0.74055 102 39.56128 2.10068 264 37.29138 0.46789 123 40.43761 0.76911 574 36.78880 0.97729 142 
Montage 50 0.4 76.88109 1.25783 42 109.85217 0.66027 71 77.17660 0.97759 95 73.88292 1.92629 180 77.84880 0.66990 301 76.83241 2.14647 103 
Montage 50 0.7 73.95923 1.56901 58 70.27471 1.97414 209 74.47712 1.75961 184 70.36682 2.36960 214 75.08267 1.56859 717 70.63964 1.31832 61 
Montage 50 1.0 72.91549 4.91627 179 69.80117 2.05379 197 73.40994 2.67792 270 70.82936 1.95956 179 77.51424 2.44287 1037 69.42526 4.90140 192 
Montage 100 0.4 178.08401 1.88587 37 178.08289 0.95684 72 180.45023 2.21935 160 186.13349 0.83957 18 178.09282 1.61752 388 178.08289 2.04866 27 
Montage 100 0.7 142.04080 9.60630 214 175.03532 7.19254 515 142.81224 8.19109 611 142.24814 5.34744 155 145.43430 4.97599 1152 141.75961 8.41238 118 
Montage 100 1.0 136.95012 4.14653 90 135.52137 20.07993 1221 140.96184 2.77228 202 137.00187 3.80435 110 149.73710 7.38285 1615 135.95978 23.77153 309 
CyberShake 30 0.4 497.77939 0.50615 25 497.77276 0.48985 53 497.77939 0.35098 42 497.77276 0.20509 40 538.20819 0.18511 123 497.77276 0.45562 45 
CyberShake 30 0.7 203.76275 1.75071 84 200.82999 0.57514 70 201.87285 0.88699 112 200.82999 1.49579 303 200.82999 0.51463 312 200.82999 0.67482 75 
CyberShake 30 1.0 200.82999 1.40682 68 200.82999 0.80364 99 200.82999 1.22296 146 203.76275 0.50956 107 201.98880 0.96976 649 200.82999 1.01467 108 
CyberShake 50 0.4 560.90057 0.94917 28 560.90057 0.61013 55 560.90057 0.54876 44 560.90057 0.35926 28 560.90057 0.37455 152 560.90057 0.99618 37 
CyberShake 50 0.7 258.83458 2.11753 70 237.19584 0.85541 88 258.83458 1.53521 151 237.19584 2.47426 216 244.33645 1.84965 786 237.19584 1.57864 65 
CyberShake 50 1.0 229.25877 2.80904 101 226.48415 2.00303 176 254.31882 1.46874 144 229.28385 4.02888 356 259.36295 2.05930 851 223.23537 2.40357 103 
CyberShake 100 0.4 458.48393 2.06846 36 442.25319 1.33838 92 442.32775 2.05568 135 446.29648 2.83776 67 448.31841 1.91113 376 440.10661 2.17132 24 
CyberShake 100 0.7 346.43147 3.36080 63 313.16814 3.63379 202 345.84085 4.55065 298 339.47858 1.36695 32 354.41912 4.18860 867 310.35354 13.29755 152 
CyberShake 100 1.0 312.47423 4.48730 90 304.57456 9.30865 475 342.53516 3.02202 194 322.46654 1.87750 45 332.98251 8.58028 1779 303.04480 16.06256 177 
Epigenomics 24 0.4 5753.21522 0.46334 24 5764.49611 0.23046 38 5753.21522 0.39646 43 5753.21522 0.19268 54 5753.21522 0.15864 124 5753.21522 0.89797 127 
Epigenomics 24 0.7 3316.42105 0.79110 49 3060.70190 0.50124 71 3052.24123 0.78147 92 3316.42105 0.41455 122 3052.24123 0.46181 381 3060.70190 0.92879 142 
Epigenomics 24 1.0 3052.24123 1.07055 57 3052.24123 0.73169 105 3305.51754 0.77508 106 3130.86076 0.59888 176 3331.70969 0.76793 617 3052.24123 0.87538 128 
Epigenomics 47 0.4 6381.74760 1.77629 62 6378.32462 0.79829 99 6378.32462 1.14619 105 6381.74760 0.97212 85 6381.74760 0.94578 411 6378.32462 0.95923 50 
Epigenomics 47 0.7 6091.24543 1.54850 53 5716.58427 0.78720 83 6041.32814 1.04318 107 5755.77605 2.51299 218 5721.97290 1.67150 754 5715.14501 1.46347 79 
Epigenomics 47 1.0 5685.85895 3.40198 125 5678.89715 1.57030 154 5740.38371 3.17706 328 5740.48126 2.71813 251 6410.04940 1.90431 821 5674.01924 2.60337 134 
Epigenomics 100 0.4 65263.81039 2.54971 46 60778.85497 1.04869 72 60778.85497 1.91519 120 60779.88128 0.92449 18 60779.18392 2.44029 505 60777.73584 5.40398 76 
Epigenomics 100 0.7 52152.67586 3.86374 63 47356.93753 2.30761 136 47792.02179 13.92338 887 49745.88998 6.32202 152 47707.62590 9.52165 1908 46913.98775 4.01553 49 
Epigenomics 100 1.0 46933.47792 4.71426 90 46475.83267 7.83057 417 47758.04054 11.96354 764 48191.89071 1.90687 45 48715.58571 12.16048 2390 46465.24765 19.21601 236 
Ligo 30 0.4 1457.13108 0.46377 20 1196.73602 0.32117 41 1196.73602 0.31331 36 1196.73602 0.20878 42 1213.84969 0.21925 154 1196.73602 0.38305 43 
Ligo 30 0.7 913.92105 0.71669 33 888.53094 1.06440 147 974.94706 1.06942 129 939.32338 0.59265 126 935.94485 0.58014 442 888.53094 1.64663 177 
Ligo 30 1.0 890.58068 1.21471 59 865.73858 0.99980 137 889.57524 1.28119 153 876.78087 1.43223 296 882.26512 1.18394 908 862.30371 2.59959 269 
Ligo 50 0.4 2045.16257 1.08086 34 1951.70285 0.64265 79 1992.83476 0.81052 87 1953.86385 0.97559 79 2025.01660 0.70696 330 1920.81879 1.31944 65 
Ligo 50 0.7 1549.67531 1.36459 43 1330.68953 2.33148 244 1390.67502 1.10970 122 1413.55142 1.56692 141 1372.50854 1.81610 850 1340.45083 2.40316 116 
Ligo 50 1.0 1330.06940 3.86540 142 1324.30109 3.73953 377 1379.88080 1.51898 156 1437.50439 2.16663 208 1477.92906 2.49817 1129 1310.81999 3.90181 179 
Ligo 100 0.4 3914.34840 3.90356 79 3780.67417 0.98086 72 3780.67417 1.58015 111 3780.68064 1.24664 34 3780.67417 1.82497 400 3780.67417 1.76470 24 
Ligo 100 0.7 2452.27632 3.23377 63 2330.03012 6.50902 471 2439.65142 5.14441 382 2425.12111 3.70542 106 2517.98552 2.69573 600 2347.50877 4.12934 58 
Ligo 100 1.0 2334.84211 4.37716 90 2323.90994 7.88899 547 2432.55549 4.13996 298 2395.11937 10.03265 288 2439.81309 5.77504 1257 2309.61433 12.47195 171 
